2024/03/28-21:09:39.999479 205dba240 RocksDB version: 6.12.7
2024/03/28-21:09:40.000084 205dba240 Git sha rocksdb_build_git_sha:@0@
2024/03/28-21:09:40.000087 205dba240 Compile date Jul 27 2021
2024/03/28-21:09:40.000102 205dba240 DB SUMMARY
2024/03/28-21:09:40.000104 205dba240 DB Session ID:  ZPZA5WIJJA0RZD0NT4DD
2024/03/28-21:09:40.000180 205dba240 CURRENT file:  CURRENT
2024/03/28-21:09:40.000182 205dba240 IDENTITY file:  IDENTITY
2024/03/28-21:09:40.000245 205dba240 MANIFEST file:  MANIFEST-000004 size: 7896 Bytes
2024/03/28-21:09:40.000247 205dba240 SST files in /Users/lukebaber/Documents/Personal/Code/Full_Stack_Bootcamp/Web3/ic-projects/dbank/.dfx/state/replicated_state/node-100/ic_consensus_pool/consensus dir, Total Num: 12, files: 000056.sst 000058.sst 000060.sst 000062.sst 000064.sst 000066.sst 000068.sst 000070.sst 000072.sst 
2024/03/28-21:09:40.000248 205dba240 Write Ahead Log file in /Users/lukebaber/Documents/Personal/Code/Full_Stack_Bootcamp/Web3/ic-projects/dbank/.dfx/state/replicated_state/node-100/ic_consensus_pool/consensus: 000054.log size: 12233782 ; 
2024/03/28-21:09:40.000249 205dba240                         Options.error_if_exists: 0
2024/03/28-21:09:40.000252 205dba240                       Options.create_if_missing: 1
2024/03/28-21:09:40.000252 205dba240                         Options.paranoid_checks: 1
2024/03/28-21:09:40.000253 205dba240                                     Options.env: 0x1039183f8
2024/03/28-21:09:40.000255 205dba240                                      Options.fs: Posix File System
2024/03/28-21:09:40.000255 205dba240                                Options.info_log: 0x7f9b52738b80
2024/03/28-21:09:40.000256 205dba240                Options.max_file_opening_threads: 16
2024/03/28-21:09:40.000257 205dba240                              Options.statistics: 0x0
2024/03/28-21:09:40.000258 205dba240                               Options.use_fsync: 1
2024/03/28-21:09:40.000258 205dba240                       Options.max_log_file_size: 0
2024/03/28-21:09:40.000259 205dba240                  Options.max_manifest_file_size: 1073741824
2024/03/28-21:09:40.000260 205dba240                   Options.log_file_time_to_roll: 0
2024/03/28-21:09:40.000261 205dba240                       Options.keep_log_file_num: 1000
2024/03/28-21:09:40.000262 205dba240                    Options.recycle_log_file_num: 0
2024/03/28-21:09:40.000263 205dba240                         Options.allow_fallocate: 1
2024/03/28-21:09:40.000263 205dba240                        Options.allow_mmap_reads: 0
2024/03/28-21:09:40.000264 205dba240                       Options.allow_mmap_writes: 0
2024/03/28-21:09:40.000265 205dba240                        Options.use_direct_reads: 0
2024/03/28-21:09:40.000266 205dba240                        Options.use_direct_io_for_flush_and_compaction: 0
2024/03/28-21:09:40.000266 205dba240          Options.create_missing_column_families: 1
2024/03/28-21:09:40.000267 205dba240                              Options.db_log_dir: 
2024/03/28-21:09:40.000268 205dba240                                 Options.wal_dir: /Users/lukebaber/Documents/Personal/Code/Full_Stack_Bootcamp/Web3/ic-projects/dbank/.dfx/state/replicated_state/node-100/ic_consensus_pool/consensus
2024/03/28-21:09:40.000269 205dba240                Options.table_cache_numshardbits: 6
2024/03/28-21:09:40.000269 205dba240                         Options.WAL_ttl_seconds: 0
2024/03/28-21:09:40.000270 205dba240                       Options.WAL_size_limit_MB: 0
2024/03/28-21:09:40.000271 205dba240                        Options.max_write_batch_group_size_bytes: 1048576
2024/03/28-21:09:40.000272 205dba240             Options.manifest_preallocation_size: 4194304
2024/03/28-21:09:40.000273 205dba240                     Options.is_fd_close_on_exec: 1
2024/03/28-21:09:40.000273 205dba240                   Options.advise_random_on_open: 1
2024/03/28-21:09:40.000274 205dba240                    Options.db_write_buffer_size: 0
2024/03/28-21:09:40.000275 205dba240                    Options.write_buffer_manager: 0x7f9b52738bd0
2024/03/28-21:09:40.000275 205dba240         Options.access_hint_on_compaction_start: 1
2024/03/28-21:09:40.000290 205dba240  Options.new_table_reader_for_compaction_inputs: 0
2024/03/28-21:09:40.000291 205dba240           Options.random_access_max_buffer_size: 1048576
2024/03/28-21:09:40.000292 205dba240                      Options.use_adaptive_mutex: 0
2024/03/28-21:09:40.000293 205dba240                            Options.rate_limiter: 0x0
2024/03/28-21:09:40.000295 205dba240     Options.sst_file_manager.rate_bytes_per_sec: 0
2024/03/28-21:09:40.000296 205dba240                       Options.wal_recovery_mode: 2
2024/03/28-21:09:40.000297 205dba240                  Options.enable_thread_tracking: 0
2024/03/28-21:09:40.000297 205dba240                  Options.enable_pipelined_write: 0
2024/03/28-21:09:40.000298 205dba240                  Options.unordered_write: 0
2024/03/28-21:09:40.000299 205dba240         Options.allow_concurrent_memtable_write: 1
2024/03/28-21:09:40.000300 205dba240      Options.enable_write_thread_adaptive_yield: 1
2024/03/28-21:09:40.000300 205dba240             Options.write_thread_max_yield_usec: 100
2024/03/28-21:09:40.000301 205dba240            Options.write_thread_slow_yield_usec: 3
2024/03/28-21:09:40.000302 205dba240                               Options.row_cache: None
2024/03/28-21:09:40.000303 205dba240                              Options.wal_filter: None
2024/03/28-21:09:40.000304 205dba240             Options.avoid_flush_during_recovery: 0
2024/03/28-21:09:40.000305 205dba240             Options.allow_ingest_behind: 0
2024/03/28-21:09:40.000306 205dba240             Options.preserve_deletes: 0
2024/03/28-21:09:40.000306 205dba240             Options.two_write_queues: 0
2024/03/28-21:09:40.000307 205dba240             Options.manual_wal_flush: 0
2024/03/28-21:09:40.000308 205dba240             Options.atomic_flush: 0
2024/03/28-21:09:40.000309 205dba240             Options.avoid_unnecessary_blocking_io: 0
2024/03/28-21:09:40.000309 205dba240                 Options.persist_stats_to_disk: 0
2024/03/28-21:09:40.000310 205dba240                 Options.write_dbid_to_manifest: 0
2024/03/28-21:09:40.000311 205dba240                 Options.log_readahead_size: 0
2024/03/28-21:09:40.000312 205dba240                 Options.file_checksum_gen_factory: Unknown
2024/03/28-21:09:40.000314 205dba240                 Options.best_efforts_recovery: 0
2024/03/28-21:09:40.000314 205dba240                Options.max_bgerror_resume_count: 2147483647
2024/03/28-21:09:40.000315 205dba240            Options.bgerror_resume_retry_interval: 1000000
2024/03/28-21:09:40.000316 205dba240             Options.max_background_jobs: 2
2024/03/28-21:09:40.000317 205dba240             Options.max_background_compactions: -1
2024/03/28-21:09:40.000317 205dba240             Options.max_subcompactions: 1
2024/03/28-21:09:40.000318 205dba240             Options.avoid_flush_during_shutdown: 0
2024/03/28-21:09:40.000319 205dba240           Options.writable_file_max_buffer_size: 1048576
2024/03/28-21:09:40.000320 205dba240             Options.delayed_write_rate : 16777216
2024/03/28-21:09:40.000320 205dba240             Options.max_total_wal_size: 0
2024/03/28-21:09:40.000321 205dba240             Options.delete_obsolete_files_period_micros: 21600000000
2024/03/28-21:09:40.000322 205dba240                   Options.stats_dump_period_sec: 600
2024/03/28-21:09:40.000323 205dba240                 Options.stats_persist_period_sec: 600
2024/03/28-21:09:40.000324 205dba240                 Options.stats_history_buffer_size: 1048576
2024/03/28-21:09:40.000324 205dba240                          Options.max_open_files: -1
2024/03/28-21:09:40.000326 205dba240                          Options.bytes_per_sync: 0
2024/03/28-21:09:40.000327 205dba240                      Options.wal_bytes_per_sync: 0
2024/03/28-21:09:40.000327 205dba240                   Options.strict_bytes_per_sync: 0
2024/03/28-21:09:40.000328 205dba240       Options.compaction_readahead_size: 0
2024/03/28-21:09:40.000329 205dba240                  Options.max_background_flushes: -1
2024/03/28-21:09:40.000330 205dba240 Compression algorithms supported:
2024/03/28-21:09:40.000339 205dba240 	kZSTD supported: 1
2024/03/28-21:09:40.000340 205dba240 	kZlibCompression supported: 1
2024/03/28-21:09:40.000347 205dba240 	kXpressCompression supported: 0
2024/03/28-21:09:40.000348 205dba240 	kSnappyCompression supported: 1
2024/03/28-21:09:40.000348 205dba240 	kZSTDNotFinalCompression supported: 1
2024/03/28-21:09:40.000349 205dba240 	kLZ4HCCompression supported: 1
2024/03/28-21:09:40.000350 205dba240 	kLZ4Compression supported: 1
2024/03/28-21:09:40.000351 205dba240 	kBZip2Compression supported: 1
2024/03/28-21:09:40.000353 205dba240 Fast CRC32 supported: Supported on x86
2024/03/28-21:09:40.000492 205dba240 [db/version_set.cc:4560] Recovering from manifest file: /Users/lukebaber/Documents/Personal/Code/Full_Stack_Bootcamp/Web3/ic-projects/dbank/.dfx/state/replicated_state/node-100/ic_consensus_pool/consensus/MANIFEST-000004
2024/03/28-21:09:40.000545 205dba240 [db/column_family.cc:580] --------------- Options for column family [default]:
2024/03/28-21:09:40.000547 205dba240               Options.comparator: leveldb.BytewiseComparator
2024/03/28-21:09:40.000547 205dba240           Options.merge_operator: None
2024/03/28-21:09:40.000548 205dba240        Options.compaction_filter: None
2024/03/28-21:09:40.000549 205dba240        Options.compaction_filter_factory: None
2024/03/28-21:09:40.000550 205dba240  Options.sst_partitioner_factory: None
2024/03/28-21:09:40.000551 205dba240         Options.memtable_factory: SkipListFactory
2024/03/28-21:09:40.000551 205dba240            Options.table_factory: BlockBasedTable
2024/03/28-21:09:40.000569 205dba240            table_factory options:   flush_block_policy_factory: FlushBlockBySizePolicyFactory (0x7f9b5272d590)
  cache_index_and_filter_blocks: 0
  cache_index_and_filter_blocks_with_high_priority: 1
  pin_l0_filter_and_index_blocks_in_cache: 0
  pin_top_level_index_and_filter: 1
  index_type: 0
  data_block_index_type: 0
  index_shortening: 1
  data_block_hash_table_util_ratio: 0.750000
  hash_index_allow_collision: 1
  checksum: 1
  no_block_cache: 0
  block_cache: 0x7f9b52737a28
  block_cache_name: LRUCache
  block_cache_options:
    capacity : 8388608
    num_shard_bits : 4
    strict_capacity_limit : 0
    memory_allocator : None
    high_pri_pool_ratio: 0.000
  block_cache_compressed: 0x0
  persistent_cache: 0x0
  block_size: 4096
  block_size_deviation: 10
  block_restart_interval: 16
  index_block_restart_interval: 1
  metadata_block_size: 4096
  partition_filters: 0
  use_delta_encoding: 1
  filter_policy: nullptr
  whole_key_filtering: 1
  verify_compression: 0
  read_amp_bytes_per_bit: 0
  format_version: 4
  enable_index_compression: 1
  block_align: 0
2024/03/28-21:09:40.000570 205dba240        Options.write_buffer_size: 67108864
2024/03/28-21:09:40.000571 205dba240  Options.max_write_buffer_number: 2
2024/03/28-21:09:40.000573 205dba240          Options.compression: Snappy
2024/03/28-21:09:40.000573 205dba240                  Options.bottommost_compression: Disabled
2024/03/28-21:09:40.000574 205dba240       Options.prefix_extractor: nullptr
2024/03/28-21:09:40.000575 205dba240   Options.memtable_insert_with_hint_prefix_extractor: nullptr
2024/03/28-21:09:40.000576 205dba240             Options.num_levels: 7
2024/03/28-21:09:40.000577 205dba240        Options.min_write_buffer_number_to_merge: 1
2024/03/28-21:09:40.000577 205dba240     Options.max_write_buffer_number_to_maintain: 0
2024/03/28-21:09:40.000578 205dba240     Options.max_write_buffer_size_to_maintain: 0
2024/03/28-21:09:40.000579 205dba240            Options.bottommost_compression_opts.window_bits: -14
2024/03/28-21:09:40.000580 205dba240                  Options.bottommost_compression_opts.level: 32767
2024/03/28-21:09:40.000580 205dba240               Options.bottommost_compression_opts.strategy: 0
2024/03/28-21:09:40.000581 205dba240         Options.bottommost_compression_opts.max_dict_bytes: 0
2024/03/28-21:09:40.000582 205dba240         Options.bottommost_compression_opts.zstd_max_train_bytes: 0
2024/03/28-21:09:40.000583 205dba240         Options.bottommost_compression_opts.parallel_threads: 1
2024/03/28-21:09:40.000591 205dba240                  Options.bottommost_compression_opts.enabled: false
2024/03/28-21:09:40.000592 205dba240            Options.compression_opts.window_bits: -14
2024/03/28-21:09:40.000593 205dba240                  Options.compression_opts.level: 32767
2024/03/28-21:09:40.000594 205dba240               Options.compression_opts.strategy: 0
2024/03/28-21:09:40.000595 205dba240         Options.compression_opts.max_dict_bytes: 0
2024/03/28-21:09:40.000595 205dba240         Options.compression_opts.zstd_max_train_bytes: 0
2024/03/28-21:09:40.000596 205dba240         Options.compression_opts.parallel_threads: 1
2024/03/28-21:09:40.000597 205dba240                  Options.compression_opts.enabled: false
2024/03/28-21:09:40.000598 205dba240      Options.level0_file_num_compaction_trigger: 4
2024/03/28-21:09:40.000598 205dba240          Options.level0_slowdown_writes_trigger: 20
2024/03/28-21:09:40.000599 205dba240              Options.level0_stop_writes_trigger: 36
2024/03/28-21:09:40.000600 205dba240                   Options.target_file_size_base: 67108864
2024/03/28-21:09:40.000600 205dba240             Options.target_file_size_multiplier: 1
2024/03/28-21:09:40.000601 205dba240                Options.max_bytes_for_level_base: 268435456
2024/03/28-21:09:40.000603 205dba240 Options.level_compaction_dynamic_level_bytes: 0
2024/03/28-21:09:40.000604 205dba240          Options.max_bytes_for_level_multiplier: 10.000000
2024/03/28-21:09:40.000605 205dba240 Options.max_bytes_for_level_multiplier_addtl[0]: 1
2024/03/28-21:09:40.000606 205dba240 Options.max_bytes_for_level_multiplier_addtl[1]: 1
2024/03/28-21:09:40.000606 205dba240 Options.max_bytes_for_level_multiplier_addtl[2]: 1
2024/03/28-21:09:40.000607 205dba240 Options.max_bytes_for_level_multiplier_addtl[3]: 1
2024/03/28-21:09:40.000608 205dba240 Options.max_bytes_for_level_multiplier_addtl[4]: 1
2024/03/28-21:09:40.000609 205dba240 Options.max_bytes_for_level_multiplier_addtl[5]: 1
2024/03/28-21:09:40.000609 205dba240 Options.max_bytes_for_level_multiplier_addtl[6]: 1
2024/03/28-21:09:40.000610 205dba240       Options.max_sequential_skip_in_iterations: 8
2024/03/28-21:09:40.000611 205dba240                    Options.max_compaction_bytes: 1677721600
2024/03/28-21:09:40.000611 205dba240                        Options.arena_block_size: 8388608
2024/03/28-21:09:40.000612 205dba240   Options.soft_pending_compaction_bytes_limit: 68719476736
2024/03/28-21:09:40.000613 205dba240   Options.hard_pending_compaction_bytes_limit: 274877906944
2024/03/28-21:09:40.000614 205dba240       Options.rate_limit_delay_max_milliseconds: 100
2024/03/28-21:09:40.000615 205dba240                Options.disable_auto_compactions: 0
2024/03/28-21:09:40.000616 205dba240                        Options.compaction_style: kCompactionStyleLevel
2024/03/28-21:09:40.000617 205dba240                          Options.compaction_pri: kMinOverlappingRatio
2024/03/28-21:09:40.000617 205dba240 Options.compaction_options_universal.size_ratio: 1
2024/03/28-21:09:40.000618 205dba240 Options.compaction_options_universal.min_merge_width: 2
2024/03/28-21:09:40.000619 205dba240 Options.compaction_options_universal.max_merge_width: 4294967295
2024/03/28-21:09:40.000620 205dba240 Options.compaction_options_universal.max_size_amplification_percent: 200
2024/03/28-21:09:40.000620 205dba240 Options.compaction_options_universal.compression_size_percent: -1
2024/03/28-21:09:40.000621 205dba240 Options.compaction_options_universal.stop_style: kCompactionStopStyleTotalSize
2024/03/28-21:09:40.000622 205dba240 Options.compaction_options_fifo.max_table_files_size: 1073741824
2024/03/28-21:09:40.000623 205dba240 Options.compaction_options_fifo.allow_compaction: 0
2024/03/28-21:09:40.000627 205dba240                   Options.table_properties_collectors: 
2024/03/28-21:09:40.000628 205dba240                   Options.inplace_update_support: 0
2024/03/28-21:09:40.000629 205dba240                 Options.inplace_update_num_locks: 10000
2024/03/28-21:09:40.000630 205dba240               Options.memtable_prefix_bloom_size_ratio: 0.000000
2024/03/28-21:09:40.000637 205dba240               Options.memtable_whole_key_filtering: 0
2024/03/28-21:09:40.000638 205dba240   Options.memtable_huge_page_size: 0
2024/03/28-21:09:40.000639 205dba240                           Options.bloom_locality: 0
2024/03/28-21:09:40.000640 205dba240                    Options.max_successive_merges: 0
2024/03/28-21:09:40.000641 205dba240                Options.optimize_filters_for_hits: 0
2024/03/28-21:09:40.000641 205dba240                Options.paranoid_file_checks: 0
2024/03/28-21:09:40.000642 205dba240                Options.force_consistency_checks: 0
2024/03/28-21:09:40.000643 205dba240                Options.report_bg_io_stats: 0
2024/03/28-21:09:40.000644 205dba240                               Options.ttl: 2592000
2024/03/28-21:09:40.000644 205dba240          Options.periodic_compaction_seconds: 0
2024/03/28-21:09:40.000721 205dba240 [db/column_family.cc:580] --------------- Options for column family [RB]:
2024/03/28-21:09:40.000722 205dba240               Options.comparator: leveldb.BytewiseComparator
2024/03/28-21:09:40.000723 205dba240           Options.merge_operator: None
2024/03/28-21:09:40.000725 205dba240        Options.compaction_filter: filter_outdated
2024/03/28-21:09:40.000726 205dba240        Options.compaction_filter_factory: None
2024/03/28-21:09:40.000726 205dba240  Options.sst_partitioner_factory: None
2024/03/28-21:09:40.000727 205dba240         Options.memtable_factory: SkipListFactory
2024/03/28-21:09:40.000728 205dba240            Options.table_factory: BlockBasedTable
2024/03/28-21:09:40.000736 205dba240            table_factory options:   flush_block_policy_factory: FlushBlockBySizePolicyFactory (0x7f9b5272eec0)
  cache_index_and_filter_blocks: 0
  cache_index_and_filter_blocks_with_high_priority: 1
  pin_l0_filter_and_index_blocks_in_cache: 0
  pin_top_level_index_and_filter: 1
  index_type: 0
  data_block_index_type: 0
  index_shortening: 1
  data_block_hash_table_util_ratio: 0.750000
  hash_index_allow_collision: 1
  checksum: 1
  no_block_cache: 0
  block_cache: 0x7f9b5272ef08
  block_cache_name: LRUCache
  block_cache_options:
    capacity : 8388608
    num_shard_bits : 4
    strict_capacity_limit : 0
    memory_allocator : None
    high_pri_pool_ratio: 0.000
  block_cache_compressed: 0x0
  persistent_cache: 0x0
  block_size: 4096
  block_size_deviation: 10
  block_restart_interval: 16
  index_block_restart_interval: 1
  metadata_block_size: 4096
  partition_filters: 0
  use_delta_encoding: 1
  filter_policy: nullptr
  whole_key_filtering: 1
  verify_compression: 0
  read_amp_bytes_per_bit: 0
  format_version: 4
  enable_index_compression: 1
  block_align: 0
2024/03/28-21:09:40.000737 205dba240        Options.write_buffer_size: 67108864
2024/03/28-21:09:40.000738 205dba240  Options.max_write_buffer_number: 2
2024/03/28-21:09:40.000739 205dba240          Options.compression: NoCompression
2024/03/28-21:09:40.000740 205dba240                  Options.bottommost_compression: Disabled
2024/03/28-21:09:40.000740 205dba240       Options.prefix_extractor: nullptr
2024/03/28-21:09:40.000741 205dba240   Options.memtable_insert_with_hint_prefix_extractor: nullptr
2024/03/28-21:09:40.000742 205dba240             Options.num_levels: 7
2024/03/28-21:09:40.000743 205dba240        Options.min_write_buffer_number_to_merge: 1
2024/03/28-21:09:40.000743 205dba240     Options.max_write_buffer_number_to_maintain: 0
2024/03/28-21:09:40.000744 205dba240     Options.max_write_buffer_size_to_maintain: 0
2024/03/28-21:09:40.000745 205dba240            Options.bottommost_compression_opts.window_bits: -14
2024/03/28-21:09:40.000746 205dba240                  Options.bottommost_compression_opts.level: 32767
2024/03/28-21:09:40.000746 205dba240               Options.bottommost_compression_opts.strategy: 0
2024/03/28-21:09:40.000747 205dba240         Options.bottommost_compression_opts.max_dict_bytes: 0
2024/03/28-21:09:40.000748 205dba240         Options.bottommost_compression_opts.zstd_max_train_bytes: 0
2024/03/28-21:09:40.000755 205dba240         Options.bottommost_compression_opts.parallel_threads: 1
2024/03/28-21:09:40.000756 205dba240                  Options.bottommost_compression_opts.enabled: false
2024/03/28-21:09:40.000757 205dba240            Options.compression_opts.window_bits: -14
2024/03/28-21:09:40.000758 205dba240                  Options.compression_opts.level: 32767
2024/03/28-21:09:40.000758 205dba240               Options.compression_opts.strategy: 0
2024/03/28-21:09:40.000759 205dba240         Options.compression_opts.max_dict_bytes: 0
2024/03/28-21:09:40.000760 205dba240         Options.compression_opts.zstd_max_train_bytes: 0
2024/03/28-21:09:40.000760 205dba240         Options.compression_opts.parallel_threads: 1
2024/03/28-21:09:40.000761 205dba240                  Options.compression_opts.enabled: false
2024/03/28-21:09:40.000762 205dba240      Options.level0_file_num_compaction_trigger: 4
2024/03/28-21:09:40.000763 205dba240          Options.level0_slowdown_writes_trigger: 20
2024/03/28-21:09:40.000763 205dba240              Options.level0_stop_writes_trigger: 36
2024/03/28-21:09:40.000764 205dba240                   Options.target_file_size_base: 67108864
2024/03/28-21:09:40.000765 205dba240             Options.target_file_size_multiplier: 1
2024/03/28-21:09:40.000765 205dba240                Options.max_bytes_for_level_base: 268435456
2024/03/28-21:09:40.000766 205dba240 Options.level_compaction_dynamic_level_bytes: 0
2024/03/28-21:09:40.000767 205dba240          Options.max_bytes_for_level_multiplier: 10.000000
2024/03/28-21:09:40.000768 205dba240 Options.max_bytes_for_level_multiplier_addtl[0]: 1
2024/03/28-21:09:40.000769 205dba240 Options.max_bytes_for_level_multiplier_addtl[1]: 1
2024/03/28-21:09:40.000769 205dba240 Options.max_bytes_for_level_multiplier_addtl[2]: 1
2024/03/28-21:09:40.000770 205dba240 Options.max_bytes_for_level_multiplier_addtl[3]: 1
2024/03/28-21:09:40.000771 205dba240 Options.max_bytes_for_level_multiplier_addtl[4]: 1
2024/03/28-21:09:40.000772 205dba240 Options.max_bytes_for_level_multiplier_addtl[5]: 1
2024/03/28-21:09:40.000772 205dba240 Options.max_bytes_for_level_multiplier_addtl[6]: 1
2024/03/28-21:09:40.000773 205dba240       Options.max_sequential_skip_in_iterations: 8
2024/03/28-21:09:40.000774 205dba240                    Options.max_compaction_bytes: 1677721600
2024/03/28-21:09:40.000775 205dba240                        Options.arena_block_size: 8388608
2024/03/28-21:09:40.000775 205dba240   Options.soft_pending_compaction_bytes_limit: 68719476736
2024/03/28-21:09:40.000776 205dba240   Options.hard_pending_compaction_bytes_limit: 274877906944
2024/03/28-21:09:40.000777 205dba240       Options.rate_limit_delay_max_milliseconds: 100
2024/03/28-21:09:40.000778 205dba240                Options.disable_auto_compactions: 1
2024/03/28-21:09:40.000778 205dba240                        Options.compaction_style: kCompactionStyleLevel
2024/03/28-21:09:40.000779 205dba240                          Options.compaction_pri: kMinOverlappingRatio
2024/03/28-21:09:40.000780 205dba240 Options.compaction_options_universal.size_ratio: 1
2024/03/28-21:09:40.000781 205dba240 Options.compaction_options_universal.min_merge_width: 2
2024/03/28-21:09:40.000781 205dba240 Options.compaction_options_universal.max_merge_width: 4294967295
2024/03/28-21:09:40.000782 205dba240 Options.compaction_options_universal.max_size_amplification_percent: 200
2024/03/28-21:09:40.000783 205dba240 Options.compaction_options_universal.compression_size_percent: -1
2024/03/28-21:09:40.000784 205dba240 Options.compaction_options_universal.stop_style: kCompactionStopStyleTotalSize
2024/03/28-21:09:40.000784 205dba240 Options.compaction_options_fifo.max_table_files_size: 1073741824
2024/03/28-21:09:40.000785 205dba240 Options.compaction_options_fifo.allow_compaction: 0
2024/03/28-21:09:40.000786 205dba240                   Options.table_properties_collectors: 
2024/03/28-21:09:40.000787 205dba240                   Options.inplace_update_support: 0
2024/03/28-21:09:40.000788 205dba240                 Options.inplace_update_num_locks: 10000
2024/03/28-21:09:40.000793 205dba240               Options.memtable_prefix_bloom_size_ratio: 0.000000
2024/03/28-21:09:40.000794 205dba240               Options.memtable_whole_key_filtering: 0
2024/03/28-21:09:40.000795 205dba240   Options.memtable_huge_page_size: 0
2024/03/28-21:09:40.000796 205dba240                           Options.bloom_locality: 0
2024/03/28-21:09:40.000796 205dba240                    Options.max_successive_merges: 0
2024/03/28-21:09:40.000797 205dba240                Options.optimize_filters_for_hits: 0
2024/03/28-21:09:40.000798 205dba240                Options.paranoid_file_checks: 0
2024/03/28-21:09:40.000798 205dba240                Options.force_consistency_checks: 0
2024/03/28-21:09:40.000799 205dba240                Options.report_bg_io_stats: 0
2024/03/28-21:09:40.000800 205dba240                               Options.ttl: 2592000
2024/03/28-21:09:40.000801 205dba240          Options.periodic_compaction_seconds: 2592000
2024/03/28-21:09:40.000824 205dba240 [db/column_family.cc:580] --------------- Options for column family [FZ]:
2024/03/28-21:09:40.000825 205dba240               Options.comparator: leveldb.BytewiseComparator
2024/03/28-21:09:40.000826 205dba240           Options.merge_operator: None
2024/03/28-21:09:40.000827 205dba240        Options.compaction_filter: filter_outdated
2024/03/28-21:09:40.000828 205dba240        Options.compaction_filter_factory: None
2024/03/28-21:09:40.000828 205dba240  Options.sst_partitioner_factory: None
2024/03/28-21:09:40.000829 205dba240         Options.memtable_factory: SkipListFactory
2024/03/28-21:09:40.000830 205dba240            Options.table_factory: BlockBasedTable
2024/03/28-21:09:40.000838 205dba240            table_factory options:   flush_block_policy_factory: FlushBlockBySizePolicyFactory (0x7f9b5272fa80)
  cache_index_and_filter_blocks: 0
  cache_index_and_filter_blocks_with_high_priority: 1
  pin_l0_filter_and_index_blocks_in_cache: 0
  pin_top_level_index_and_filter: 1
  index_type: 0
  data_block_index_type: 0
  index_shortening: 1
  data_block_hash_table_util_ratio: 0.750000
  hash_index_allow_collision: 1
  checksum: 1
  no_block_cache: 0
  block_cache: 0x7f9b5272fac8
  block_cache_name: LRUCache
  block_cache_options:
    capacity : 8388608
    num_shard_bits : 4
    strict_capacity_limit : 0
    memory_allocator : None
    high_pri_pool_ratio: 0.000
  block_cache_compressed: 0x0
  persistent_cache: 0x0
  block_size: 4096
  block_size_deviation: 10
  block_restart_interval: 16
  index_block_restart_interval: 1
  metadata_block_size: 4096
  partition_filters: 0
  use_delta_encoding: 1
  filter_policy: nullptr
  whole_key_filtering: 1
  verify_compression: 0
  read_amp_bytes_per_bit: 0
  format_version: 4
  enable_index_compression: 1
  block_align: 0
2024/03/28-21:09:40.000839 205dba240        Options.write_buffer_size: 67108864
2024/03/28-21:09:40.000840 205dba240  Options.max_write_buffer_number: 2
2024/03/28-21:09:40.000840 205dba240          Options.compression: NoCompression
2024/03/28-21:09:40.000841 205dba240                  Options.bottommost_compression: Disabled
2024/03/28-21:09:40.000842 205dba240       Options.prefix_extractor: nullptr
2024/03/28-21:09:40.000843 205dba240   Options.memtable_insert_with_hint_prefix_extractor: nullptr
2024/03/28-21:09:40.000843 205dba240             Options.num_levels: 7
2024/03/28-21:09:40.000844 205dba240        Options.min_write_buffer_number_to_merge: 1
2024/03/28-21:09:40.000845 205dba240     Options.max_write_buffer_number_to_maintain: 0
2024/03/28-21:09:40.000845 205dba240     Options.max_write_buffer_size_to_maintain: 0
2024/03/28-21:09:40.000846 205dba240            Options.bottommost_compression_opts.window_bits: -14
2024/03/28-21:09:40.000847 205dba240                  Options.bottommost_compression_opts.level: 32767
2024/03/28-21:09:40.000848 205dba240               Options.bottommost_compression_opts.strategy: 0
2024/03/28-21:09:40.000848 205dba240         Options.bottommost_compression_opts.max_dict_bytes: 0
2024/03/28-21:09:40.000849 205dba240         Options.bottommost_compression_opts.zstd_max_train_bytes: 0
2024/03/28-21:09:40.000856 205dba240         Options.bottommost_compression_opts.parallel_threads: 1
2024/03/28-21:09:40.000856 205dba240                  Options.bottommost_compression_opts.enabled: false
2024/03/28-21:09:40.000857 205dba240            Options.compression_opts.window_bits: -14
2024/03/28-21:09:40.000858 205dba240                  Options.compression_opts.level: 32767
2024/03/28-21:09:40.000859 205dba240               Options.compression_opts.strategy: 0
2024/03/28-21:09:40.000859 205dba240         Options.compression_opts.max_dict_bytes: 0
2024/03/28-21:09:40.000860 205dba240         Options.compression_opts.zstd_max_train_bytes: 0
2024/03/28-21:09:40.000861 205dba240         Options.compression_opts.parallel_threads: 1
2024/03/28-21:09:40.000861 205dba240                  Options.compression_opts.enabled: false
2024/03/28-21:09:40.000862 205dba240      Options.level0_file_num_compaction_trigger: 4
2024/03/28-21:09:40.000863 205dba240          Options.level0_slowdown_writes_trigger: 20
2024/03/28-21:09:40.000864 205dba240              Options.level0_stop_writes_trigger: 36
2024/03/28-21:09:40.000864 205dba240                   Options.target_file_size_base: 67108864
2024/03/28-21:09:40.000865 205dba240             Options.target_file_size_multiplier: 1
2024/03/28-21:09:40.000866 205dba240                Options.max_bytes_for_level_base: 268435456
2024/03/28-21:09:40.000866 205dba240 Options.level_compaction_dynamic_level_bytes: 0
2024/03/28-21:09:40.000867 205dba240          Options.max_bytes_for_level_multiplier: 10.000000
2024/03/28-21:09:40.000868 205dba240 Options.max_bytes_for_level_multiplier_addtl[0]: 1
2024/03/28-21:09:40.000869 205dba240 Options.max_bytes_for_level_multiplier_addtl[1]: 1
2024/03/28-21:09:40.000869 205dba240 Options.max_bytes_for_level_multiplier_addtl[2]: 1
2024/03/28-21:09:40.000870 205dba240 Options.max_bytes_for_level_multiplier_addtl[3]: 1
2024/03/28-21:09:40.000871 205dba240 Options.max_bytes_for_level_multiplier_addtl[4]: 1
2024/03/28-21:09:40.000872 205dba240 Options.max_bytes_for_level_multiplier_addtl[5]: 1
2024/03/28-21:09:40.000872 205dba240 Options.max_bytes_for_level_multiplier_addtl[6]: 1
2024/03/28-21:09:40.000873 205dba240       Options.max_sequential_skip_in_iterations: 8
2024/03/28-21:09:40.000874 205dba240                    Options.max_compaction_bytes: 1677721600
2024/03/28-21:09:40.000875 205dba240                        Options.arena_block_size: 8388608
2024/03/28-21:09:40.000875 205dba240   Options.soft_pending_compaction_bytes_limit: 68719476736
2024/03/28-21:09:40.000876 205dba240   Options.hard_pending_compaction_bytes_limit: 274877906944
2024/03/28-21:09:40.000877 205dba240       Options.rate_limit_delay_max_milliseconds: 100
2024/03/28-21:09:40.000878 205dba240                Options.disable_auto_compactions: 1
2024/03/28-21:09:40.000878 205dba240                        Options.compaction_style: kCompactionStyleLevel
2024/03/28-21:09:40.000879 205dba240                          Options.compaction_pri: kMinOverlappingRatio
2024/03/28-21:09:40.000880 205dba240 Options.compaction_options_universal.size_ratio: 1
2024/03/28-21:09:40.000881 205dba240 Options.compaction_options_universal.min_merge_width: 2
2024/03/28-21:09:40.000881 205dba240 Options.compaction_options_universal.max_merge_width: 4294967295
2024/03/28-21:09:40.000882 205dba240 Options.compaction_options_universal.max_size_amplification_percent: 200
2024/03/28-21:09:40.000883 205dba240 Options.compaction_options_universal.compression_size_percent: -1
2024/03/28-21:09:40.000884 205dba240 Options.compaction_options_universal.stop_style: kCompactionStopStyleTotalSize
2024/03/28-21:09:40.000884 205dba240 Options.compaction_options_fifo.max_table_files_size: 1073741824
2024/03/28-21:09:40.000885 205dba240 Options.compaction_options_fifo.allow_compaction: 0
2024/03/28-21:09:40.000886 205dba240                   Options.table_properties_collectors: 
2024/03/28-21:09:40.000887 205dba240                   Options.inplace_update_support: 0
2024/03/28-21:09:40.000894 205dba240                 Options.inplace_update_num_locks: 10000
2024/03/28-21:09:40.000895 205dba240               Options.memtable_prefix_bloom_size_ratio: 0.000000
2024/03/28-21:09:40.000896 205dba240               Options.memtable_whole_key_filtering: 0
2024/03/28-21:09:40.000896 205dba240   Options.memtable_huge_page_size: 0
2024/03/28-21:09:40.000897 205dba240                           Options.bloom_locality: 0
2024/03/28-21:09:40.000898 205dba240                    Options.max_successive_merges: 0
2024/03/28-21:09:40.000899 205dba240                Options.optimize_filters_for_hits: 0
2024/03/28-21:09:40.000899 205dba240                Options.paranoid_file_checks: 0
2024/03/28-21:09:40.000900 205dba240                Options.force_consistency_checks: 0
2024/03/28-21:09:40.000901 205dba240                Options.report_bg_io_stats: 0
2024/03/28-21:09:40.000901 205dba240                               Options.ttl: 2592000
2024/03/28-21:09:40.000902 205dba240          Options.periodic_compaction_seconds: 2592000
2024/03/28-21:09:40.000922 205dba240 [db/column_family.cc:580] --------------- Options for column family [NZ]:
2024/03/28-21:09:40.000923 205dba240               Options.comparator: leveldb.BytewiseComparator
2024/03/28-21:09:40.000923 205dba240           Options.merge_operator: None
2024/03/28-21:09:40.000924 205dba240        Options.compaction_filter: filter_outdated
2024/03/28-21:09:40.000925 205dba240        Options.compaction_filter_factory: None
2024/03/28-21:09:40.000926 205dba240  Options.sst_partitioner_factory: None
2024/03/28-21:09:40.000926 205dba240         Options.memtable_factory: SkipListFactory
2024/03/28-21:09:40.000927 205dba240            Options.table_factory: BlockBasedTable
2024/03/28-21:09:40.000935 205dba240            table_factory options:   flush_block_policy_factory: FlushBlockBySizePolicyFactory (0x7f9b52730640)
  cache_index_and_filter_blocks: 0
  cache_index_and_filter_blocks_with_high_priority: 1
  pin_l0_filter_and_index_blocks_in_cache: 0
  pin_top_level_index_and_filter: 1
  index_type: 0
  data_block_index_type: 0
  index_shortening: 1
  data_block_hash_table_util_ratio: 0.750000
  hash_index_allow_collision: 1
  checksum: 1
  no_block_cache: 0
  block_cache: 0x7f9b52730688
  block_cache_name: LRUCache
  block_cache_options:
    capacity : 8388608
    num_shard_bits : 4
    strict_capacity_limit : 0
    memory_allocator : None
    high_pri_pool_ratio: 0.000
  block_cache_compressed: 0x0
  persistent_cache: 0x0
  block_size: 4096
  block_size_deviation: 10
  block_restart_interval: 16
  index_block_restart_interval: 1
  metadata_block_size: 4096
  partition_filters: 0
  use_delta_encoding: 1
  filter_policy: nullptr
  whole_key_filtering: 1
  verify_compression: 0
  read_amp_bytes_per_bit: 0
  format_version: 4
  enable_index_compression: 1
  block_align: 0
2024/03/28-21:09:40.000936 205dba240        Options.write_buffer_size: 67108864
2024/03/28-21:09:40.000937 205dba240  Options.max_write_buffer_number: 2
2024/03/28-21:09:40.000938 205dba240          Options.compression: NoCompression
2024/03/28-21:09:40.000938 205dba240                  Options.bottommost_compression: Disabled
2024/03/28-21:09:40.000939 205dba240       Options.prefix_extractor: nullptr
2024/03/28-21:09:40.000940 205dba240   Options.memtable_insert_with_hint_prefix_extractor: nullptr
2024/03/28-21:09:40.000941 205dba240             Options.num_levels: 7
2024/03/28-21:09:40.000941 205dba240        Options.min_write_buffer_number_to_merge: 1
2024/03/28-21:09:40.000942 205dba240     Options.max_write_buffer_number_to_maintain: 0
2024/03/28-21:09:40.000943 205dba240     Options.max_write_buffer_size_to_maintain: 0
2024/03/28-21:09:40.000943 205dba240            Options.bottommost_compression_opts.window_bits: -14
2024/03/28-21:09:40.000944 205dba240                  Options.bottommost_compression_opts.level: 32767
2024/03/28-21:09:40.000945 205dba240               Options.bottommost_compression_opts.strategy: 0
2024/03/28-21:09:40.000946 205dba240         Options.bottommost_compression_opts.max_dict_bytes: 0
2024/03/28-21:09:40.000952 205dba240         Options.bottommost_compression_opts.zstd_max_train_bytes: 0
2024/03/28-21:09:40.000953 205dba240         Options.bottommost_compression_opts.parallel_threads: 1
2024/03/28-21:09:40.000954 205dba240                  Options.bottommost_compression_opts.enabled: false
2024/03/28-21:09:40.000954 205dba240            Options.compression_opts.window_bits: -14
2024/03/28-21:09:40.000955 205dba240                  Options.compression_opts.level: 32767
2024/03/28-21:09:40.000956 205dba240               Options.compression_opts.strategy: 0
2024/03/28-21:09:40.000956 205dba240         Options.compression_opts.max_dict_bytes: 0
2024/03/28-21:09:40.000957 205dba240         Options.compression_opts.zstd_max_train_bytes: 0
2024/03/28-21:09:40.000958 205dba240         Options.compression_opts.parallel_threads: 1
2024/03/28-21:09:40.000959 205dba240                  Options.compression_opts.enabled: false
2024/03/28-21:09:40.000959 205dba240      Options.level0_file_num_compaction_trigger: 4
2024/03/28-21:09:40.000960 205dba240          Options.level0_slowdown_writes_trigger: 20
2024/03/28-21:09:40.000961 205dba240              Options.level0_stop_writes_trigger: 36
2024/03/28-21:09:40.000961 205dba240                   Options.target_file_size_base: 67108864
2024/03/28-21:09:40.000962 205dba240             Options.target_file_size_multiplier: 1
2024/03/28-21:09:40.000963 205dba240                Options.max_bytes_for_level_base: 268435456
2024/03/28-21:09:40.000964 205dba240 Options.level_compaction_dynamic_level_bytes: 0
2024/03/28-21:09:40.000964 205dba240          Options.max_bytes_for_level_multiplier: 10.000000
2024/03/28-21:09:40.000965 205dba240 Options.max_bytes_for_level_multiplier_addtl[0]: 1
2024/03/28-21:09:40.000966 205dba240 Options.max_bytes_for_level_multiplier_addtl[1]: 1
2024/03/28-21:09:40.000967 205dba240 Options.max_bytes_for_level_multiplier_addtl[2]: 1
2024/03/28-21:09:40.000967 205dba240 Options.max_bytes_for_level_multiplier_addtl[3]: 1
2024/03/28-21:09:40.000968 205dba240 Options.max_bytes_for_level_multiplier_addtl[4]: 1
2024/03/28-21:09:40.000969 205dba240 Options.max_bytes_for_level_multiplier_addtl[5]: 1
2024/03/28-21:09:40.000970 205dba240 Options.max_bytes_for_level_multiplier_addtl[6]: 1
2024/03/28-21:09:40.000970 205dba240       Options.max_sequential_skip_in_iterations: 8
2024/03/28-21:09:40.000971 205dba240                    Options.max_compaction_bytes: 1677721600
2024/03/28-21:09:40.000972 205dba240                        Options.arena_block_size: 8388608
2024/03/28-21:09:40.000972 205dba240   Options.soft_pending_compaction_bytes_limit: 68719476736
2024/03/28-21:09:40.000973 205dba240   Options.hard_pending_compaction_bytes_limit: 274877906944
2024/03/28-21:09:40.000974 205dba240       Options.rate_limit_delay_max_milliseconds: 100
2024/03/28-21:09:40.000975 205dba240                Options.disable_auto_compactions: 1
