2024/03/28-21:09:40.063019 205dba240 RocksDB version: 6.12.7
2024/03/28-21:09:40.063050 205dba240 Git sha rocksdb_build_git_sha:@0@
2024/03/28-21:09:40.063052 205dba240 Compile date Jul 27 2021
2024/03/28-21:09:40.063062 205dba240 DB SUMMARY
2024/03/28-21:09:40.063063 205dba240 DB Session ID:  I6OVPOUAC5W61BWTO655
2024/03/28-21:09:40.063102 205dba240 CURRENT file:  CURRENT
2024/03/28-21:09:40.063104 205dba240 IDENTITY file:  IDENTITY
2024/03/28-21:09:40.063108 205dba240 MANIFEST file:  MANIFEST-000004 size: 1400 Bytes
2024/03/28-21:09:40.063109 205dba240 SST files in /Users/lukebaber/Documents/Personal/Code/Full_Stack_Bootcamp/Web3/ic-projects/dbank/.dfx/state/replicated_state/node-100/ic_consensus_pool/certification dir, Total Num: 2, files: 000019.sst 000022.sst 
2024/03/28-21:09:40.063111 205dba240 Write Ahead Log file in /Users/lukebaber/Documents/Personal/Code/Full_Stack_Bootcamp/Web3/ic-projects/dbank/.dfx/state/replicated_state/node-100/ic_consensus_pool/certification: 000017.log size: 221 ; 000020.log size: 1749951 ; 
2024/03/28-21:09:40.063112 205dba240                         Options.error_if_exists: 0
2024/03/28-21:09:40.063113 205dba240                       Options.create_if_missing: 1
2024/03/28-21:09:40.063114 205dba240                         Options.paranoid_checks: 1
2024/03/28-21:09:40.063115 205dba240                                     Options.env: 0x1039183f8
2024/03/28-21:09:40.063116 205dba240                                      Options.fs: Posix File System
2024/03/28-21:09:40.063117 205dba240                                Options.info_log: 0x7f9b5275c6c0
2024/03/28-21:09:40.063117 205dba240                Options.max_file_opening_threads: 16
2024/03/28-21:09:40.063118 205dba240                              Options.statistics: 0x0
2024/03/28-21:09:40.063119 205dba240                               Options.use_fsync: 1
2024/03/28-21:09:40.063120 205dba240                       Options.max_log_file_size: 0
2024/03/28-21:09:40.063120 205dba240                  Options.max_manifest_file_size: 1073741824
2024/03/28-21:09:40.063121 205dba240                   Options.log_file_time_to_roll: 0
2024/03/28-21:09:40.063122 205dba240                       Options.keep_log_file_num: 1000
2024/03/28-21:09:40.063123 205dba240                    Options.recycle_log_file_num: 0
2024/03/28-21:09:40.063124 205dba240                         Options.allow_fallocate: 1
2024/03/28-21:09:40.063124 205dba240                        Options.allow_mmap_reads: 0
2024/03/28-21:09:40.063125 205dba240                       Options.allow_mmap_writes: 0
2024/03/28-21:09:40.063126 205dba240                        Options.use_direct_reads: 0
2024/03/28-21:09:40.063127 205dba240                        Options.use_direct_io_for_flush_and_compaction: 0
2024/03/28-21:09:40.063128 205dba240          Options.create_missing_column_families: 1
2024/03/28-21:09:40.063128 205dba240                              Options.db_log_dir: 
2024/03/28-21:09:40.063129 205dba240                                 Options.wal_dir: /Users/lukebaber/Documents/Personal/Code/Full_Stack_Bootcamp/Web3/ic-projects/dbank/.dfx/state/replicated_state/node-100/ic_consensus_pool/certification
2024/03/28-21:09:40.063130 205dba240                Options.table_cache_numshardbits: 6
2024/03/28-21:09:40.063131 205dba240                         Options.WAL_ttl_seconds: 0
2024/03/28-21:09:40.063131 205dba240                       Options.WAL_size_limit_MB: 0
2024/03/28-21:09:40.063132 205dba240                        Options.max_write_batch_group_size_bytes: 1048576
2024/03/28-21:09:40.063133 205dba240             Options.manifest_preallocation_size: 4194304
2024/03/28-21:09:40.063134 205dba240                     Options.is_fd_close_on_exec: 1
2024/03/28-21:09:40.063135 205dba240                   Options.advise_random_on_open: 1
2024/03/28-21:09:40.063135 205dba240                    Options.db_write_buffer_size: 0
2024/03/28-21:09:40.063136 205dba240                    Options.write_buffer_manager: 0x7f9b5275c710
2024/03/28-21:09:40.063137 205dba240         Options.access_hint_on_compaction_start: 1
2024/03/28-21:09:40.063138 205dba240  Options.new_table_reader_for_compaction_inputs: 0
2024/03/28-21:09:40.063151 205dba240           Options.random_access_max_buffer_size: 1048576
2024/03/28-21:09:40.063152 205dba240                      Options.use_adaptive_mutex: 0
2024/03/28-21:09:40.063153 205dba240                            Options.rate_limiter: 0x0
2024/03/28-21:09:40.063154 205dba240     Options.sst_file_manager.rate_bytes_per_sec: 0
2024/03/28-21:09:40.063155 205dba240                       Options.wal_recovery_mode: 2
2024/03/28-21:09:40.063156 205dba240                  Options.enable_thread_tracking: 0
2024/03/28-21:09:40.063156 205dba240                  Options.enable_pipelined_write: 0
2024/03/28-21:09:40.063157 205dba240                  Options.unordered_write: 0
2024/03/28-21:09:40.063158 205dba240         Options.allow_concurrent_memtable_write: 1
2024/03/28-21:09:40.063159 205dba240      Options.enable_write_thread_adaptive_yield: 1
2024/03/28-21:09:40.063159 205dba240             Options.write_thread_max_yield_usec: 100
2024/03/28-21:09:40.063160 205dba240            Options.write_thread_slow_yield_usec: 3
2024/03/28-21:09:40.063161 205dba240                               Options.row_cache: None
2024/03/28-21:09:40.063162 205dba240                              Options.wal_filter: None
2024/03/28-21:09:40.063163 205dba240             Options.avoid_flush_during_recovery: 0
2024/03/28-21:09:40.063164 205dba240             Options.allow_ingest_behind: 0
2024/03/28-21:09:40.063164 205dba240             Options.preserve_deletes: 0
2024/03/28-21:09:40.063165 205dba240             Options.two_write_queues: 0
2024/03/28-21:09:40.063166 205dba240             Options.manual_wal_flush: 0
2024/03/28-21:09:40.063167 205dba240             Options.atomic_flush: 0
2024/03/28-21:09:40.063167 205dba240             Options.avoid_unnecessary_blocking_io: 0
2024/03/28-21:09:40.063168 205dba240                 Options.persist_stats_to_disk: 0
2024/03/28-21:09:40.063169 205dba240                 Options.write_dbid_to_manifest: 0
2024/03/28-21:09:40.063170 205dba240                 Options.log_readahead_size: 0
2024/03/28-21:09:40.063171 205dba240                 Options.file_checksum_gen_factory: Unknown
2024/03/28-21:09:40.063171 205dba240                 Options.best_efforts_recovery: 0
2024/03/28-21:09:40.063172 205dba240                Options.max_bgerror_resume_count: 2147483647
2024/03/28-21:09:40.063173 205dba240            Options.bgerror_resume_retry_interval: 1000000
2024/03/28-21:09:40.063174 205dba240             Options.max_background_jobs: 2
2024/03/28-21:09:40.063175 205dba240             Options.max_background_compactions: -1
2024/03/28-21:09:40.063175 205dba240             Options.max_subcompactions: 1
2024/03/28-21:09:40.063176 205dba240             Options.avoid_flush_during_shutdown: 0
2024/03/28-21:09:40.063177 205dba240           Options.writable_file_max_buffer_size: 1048576
2024/03/28-21:09:40.063178 205dba240             Options.delayed_write_rate : 16777216
2024/03/28-21:09:40.063179 205dba240             Options.max_total_wal_size: 0
2024/03/28-21:09:40.063179 205dba240             Options.delete_obsolete_files_period_micros: 21600000000
2024/03/28-21:09:40.063180 205dba240                   Options.stats_dump_period_sec: 600
2024/03/28-21:09:40.063181 205dba240                 Options.stats_persist_period_sec: 600
2024/03/28-21:09:40.063182 205dba240                 Options.stats_history_buffer_size: 1048576
2024/03/28-21:09:40.063183 205dba240                          Options.max_open_files: -1
2024/03/28-21:09:40.063184 205dba240                          Options.bytes_per_sync: 0
2024/03/28-21:09:40.063184 205dba240                      Options.wal_bytes_per_sync: 0
2024/03/28-21:09:40.063185 205dba240                   Options.strict_bytes_per_sync: 0
2024/03/28-21:09:40.063186 205dba240       Options.compaction_readahead_size: 0
2024/03/28-21:09:40.063187 205dba240                  Options.max_background_flushes: -1
2024/03/28-21:09:40.063187 205dba240 Compression algorithms supported:
2024/03/28-21:09:40.063189 205dba240 	kZSTD supported: 1
2024/03/28-21:09:40.063196 205dba240 	kZlibCompression supported: 1
2024/03/28-21:09:40.063197 205dba240 	kXpressCompression supported: 0
2024/03/28-21:09:40.063197 205dba240 	kSnappyCompression supported: 1
2024/03/28-21:09:40.063198 205dba240 	kZSTDNotFinalCompression supported: 1
2024/03/28-21:09:40.063199 205dba240 	kLZ4HCCompression supported: 1
2024/03/28-21:09:40.063200 205dba240 	kLZ4Compression supported: 1
2024/03/28-21:09:40.063201 205dba240 	kBZip2Compression supported: 1
2024/03/28-21:09:40.063202 205dba240 Fast CRC32 supported: Supported on x86
2024/03/28-21:09:40.063317 205dba240 [db/version_set.cc:4560] Recovering from manifest file: /Users/lukebaber/Documents/Personal/Code/Full_Stack_Bootcamp/Web3/ic-projects/dbank/.dfx/state/replicated_state/node-100/ic_consensus_pool/certification/MANIFEST-000004
2024/03/28-21:09:40.063358 205dba240 [db/column_family.cc:580] --------------- Options for column family [default]:
2024/03/28-21:09:40.063359 205dba240               Options.comparator: leveldb.BytewiseComparator
2024/03/28-21:09:40.063360 205dba240           Options.merge_operator: None
2024/03/28-21:09:40.063361 205dba240        Options.compaction_filter: None
2024/03/28-21:09:40.063362 205dba240        Options.compaction_filter_factory: None
2024/03/28-21:09:40.063363 205dba240  Options.sst_partitioner_factory: None
2024/03/28-21:09:40.063363 205dba240         Options.memtable_factory: SkipListFactory
2024/03/28-21:09:40.063364 205dba240            Options.table_factory: BlockBasedTable
2024/03/28-21:09:40.063378 205dba240            table_factory options:   flush_block_policy_factory: FlushBlockBySizePolicyFactory (0x7f9b52756ad0)
  cache_index_and_filter_blocks: 0
  cache_index_and_filter_blocks_with_high_priority: 1
  pin_l0_filter_and_index_blocks_in_cache: 0
  pin_top_level_index_and_filter: 1
  index_type: 0
  data_block_index_type: 0
  index_shortening: 1
  data_block_hash_table_util_ratio: 0.750000
  hash_index_allow_collision: 1
  checksum: 1
  no_block_cache: 0
  block_cache: 0x7f9b5275b858
  block_cache_name: LRUCache
  block_cache_options:
    capacity : 8388608
    num_shard_bits : 4
    strict_capacity_limit : 0
    memory_allocator : None
    high_pri_pool_ratio: 0.000
  block_cache_compressed: 0x0
  persistent_cache: 0x0
  block_size: 4096
  block_size_deviation: 10
  block_restart_interval: 16
  index_block_restart_interval: 1
  metadata_block_size: 4096
  partition_filters: 0
  use_delta_encoding: 1
  filter_policy: nullptr
  whole_key_filtering: 1
  verify_compression: 0
  read_amp_bytes_per_bit: 0
  format_version: 4
  enable_index_compression: 1
  block_align: 0
2024/03/28-21:09:40.063380 205dba240        Options.write_buffer_size: 67108864
2024/03/28-21:09:40.063381 205dba240  Options.max_write_buffer_number: 2
2024/03/28-21:09:40.063381 205dba240          Options.compression: Snappy
2024/03/28-21:09:40.063382 205dba240                  Options.bottommost_compression: Disabled
2024/03/28-21:09:40.063383 205dba240       Options.prefix_extractor: nullptr
2024/03/28-21:09:40.063384 205dba240   Options.memtable_insert_with_hint_prefix_extractor: nullptr
2024/03/28-21:09:40.063385 205dba240             Options.num_levels: 7
2024/03/28-21:09:40.063386 205dba240        Options.min_write_buffer_number_to_merge: 1
2024/03/28-21:09:40.063386 205dba240     Options.max_write_buffer_number_to_maintain: 0
2024/03/28-21:09:40.063387 205dba240     Options.max_write_buffer_size_to_maintain: 0
2024/03/28-21:09:40.063388 205dba240            Options.bottommost_compression_opts.window_bits: -14
2024/03/28-21:09:40.063389 205dba240                  Options.bottommost_compression_opts.level: 32767
2024/03/28-21:09:40.063390 205dba240               Options.bottommost_compression_opts.strategy: 0
2024/03/28-21:09:40.063390 205dba240         Options.bottommost_compression_opts.max_dict_bytes: 0
2024/03/28-21:09:40.063391 205dba240         Options.bottommost_compression_opts.zstd_max_train_bytes: 0
2024/03/28-21:09:40.063392 205dba240         Options.bottommost_compression_opts.parallel_threads: 1
2024/03/28-21:09:40.063403 205dba240                  Options.bottommost_compression_opts.enabled: false
2024/03/28-21:09:40.063404 205dba240            Options.compression_opts.window_bits: -14
2024/03/28-21:09:40.063405 205dba240                  Options.compression_opts.level: 32767
2024/03/28-21:09:40.063405 205dba240               Options.compression_opts.strategy: 0
2024/03/28-21:09:40.063406 205dba240         Options.compression_opts.max_dict_bytes: 0
2024/03/28-21:09:40.063407 205dba240         Options.compression_opts.zstd_max_train_bytes: 0
2024/03/28-21:09:40.063408 205dba240         Options.compression_opts.parallel_threads: 1
2024/03/28-21:09:40.063409 205dba240                  Options.compression_opts.enabled: false
2024/03/28-21:09:40.063409 205dba240      Options.level0_file_num_compaction_trigger: 4
2024/03/28-21:09:40.063410 205dba240          Options.level0_slowdown_writes_trigger: 20
2024/03/28-21:09:40.063411 205dba240              Options.level0_stop_writes_trigger: 36
2024/03/28-21:09:40.063412 205dba240                   Options.target_file_size_base: 67108864
2024/03/28-21:09:40.063413 205dba240             Options.target_file_size_multiplier: 1
2024/03/28-21:09:40.063413 205dba240                Options.max_bytes_for_level_base: 268435456
2024/03/28-21:09:40.063414 205dba240 Options.level_compaction_dynamic_level_bytes: 0
2024/03/28-21:09:40.063415 205dba240          Options.max_bytes_for_level_multiplier: 10.000000
2024/03/28-21:09:40.063416 205dba240 Options.max_bytes_for_level_multiplier_addtl[0]: 1
2024/03/28-21:09:40.063417 205dba240 Options.max_bytes_for_level_multiplier_addtl[1]: 1
2024/03/28-21:09:40.063418 205dba240 Options.max_bytes_for_level_multiplier_addtl[2]: 1
2024/03/28-21:09:40.063419 205dba240 Options.max_bytes_for_level_multiplier_addtl[3]: 1
2024/03/28-21:09:40.063420 205dba240 Options.max_bytes_for_level_multiplier_addtl[4]: 1
2024/03/28-21:09:40.063420 205dba240 Options.max_bytes_for_level_multiplier_addtl[5]: 1
2024/03/28-21:09:40.063421 205dba240 Options.max_bytes_for_level_multiplier_addtl[6]: 1
2024/03/28-21:09:40.063422 205dba240       Options.max_sequential_skip_in_iterations: 8
2024/03/28-21:09:40.063423 205dba240                    Options.max_compaction_bytes: 1677721600
2024/03/28-21:09:40.063424 205dba240                        Options.arena_block_size: 8388608
2024/03/28-21:09:40.063424 205dba240   Options.soft_pending_compaction_bytes_limit: 68719476736
2024/03/28-21:09:40.063425 205dba240   Options.hard_pending_compaction_bytes_limit: 274877906944
2024/03/28-21:09:40.063426 205dba240       Options.rate_limit_delay_max_milliseconds: 100
2024/03/28-21:09:40.063427 205dba240                Options.disable_auto_compactions: 0
2024/03/28-21:09:40.063428 205dba240                        Options.compaction_style: kCompactionStyleLevel
2024/03/28-21:09:40.063429 205dba240                          Options.compaction_pri: kMinOverlappingRatio
2024/03/28-21:09:40.063430 205dba240 Options.compaction_options_universal.size_ratio: 1
2024/03/28-21:09:40.063430 205dba240 Options.compaction_options_universal.min_merge_width: 2
2024/03/28-21:09:40.063431 205dba240 Options.compaction_options_universal.max_merge_width: 4294967295
2024/03/28-21:09:40.063432 205dba240 Options.compaction_options_universal.max_size_amplification_percent: 200
2024/03/28-21:09:40.063433 205dba240 Options.compaction_options_universal.compression_size_percent: -1
2024/03/28-21:09:40.063434 205dba240 Options.compaction_options_universal.stop_style: kCompactionStopStyleTotalSize
2024/03/28-21:09:40.063435 205dba240 Options.compaction_options_fifo.max_table_files_size: 1073741824
2024/03/28-21:09:40.063435 205dba240 Options.compaction_options_fifo.allow_compaction: 0
2024/03/28-21:09:40.063437 205dba240                   Options.table_properties_collectors: 
2024/03/28-21:09:40.063438 205dba240                   Options.inplace_update_support: 0
2024/03/28-21:09:40.063438 205dba240                 Options.inplace_update_num_locks: 10000
2024/03/28-21:09:40.063439 205dba240               Options.memtable_prefix_bloom_size_ratio: 0.000000
2024/03/28-21:09:40.063447 205dba240               Options.memtable_whole_key_filtering: 0
2024/03/28-21:09:40.063447 205dba240   Options.memtable_huge_page_size: 0
2024/03/28-21:09:40.063448 205dba240                           Options.bloom_locality: 0
2024/03/28-21:09:40.063449 205dba240                    Options.max_successive_merges: 0
2024/03/28-21:09:40.063450 205dba240                Options.optimize_filters_for_hits: 0
2024/03/28-21:09:40.063451 205dba240                Options.paranoid_file_checks: 0
2024/03/28-21:09:40.063451 205dba240                Options.force_consistency_checks: 0
2024/03/28-21:09:40.063452 205dba240                Options.report_bg_io_stats: 0
2024/03/28-21:09:40.063453 205dba240                               Options.ttl: 2592000
2024/03/28-21:09:40.063454 205dba240          Options.periodic_compaction_seconds: 0
2024/03/28-21:09:40.063492 205dba240 [db/column_family.cc:580] --------------- Options for column family [CE]:
2024/03/28-21:09:40.063493 205dba240               Options.comparator: leveldb.BytewiseComparator
2024/03/28-21:09:40.063494 205dba240           Options.merge_operator: None
2024/03/28-21:09:40.063495 205dba240        Options.compaction_filter: filter_outdated
2024/03/28-21:09:40.063496 205dba240        Options.compaction_filter_factory: None
2024/03/28-21:09:40.063497 205dba240  Options.sst_partitioner_factory: None
2024/03/28-21:09:40.063497 205dba240         Options.memtable_factory: SkipListFactory
2024/03/28-21:09:40.063498 205dba240            Options.table_factory: BlockBasedTable
2024/03/28-21:09:40.063508 205dba240            table_factory options:   flush_block_policy_factory: FlushBlockBySizePolicyFactory (0x7f9b52759e50)
  cache_index_and_filter_blocks: 0
  cache_index_and_filter_blocks_with_high_priority: 1
  pin_l0_filter_and_index_blocks_in_cache: 0
  pin_top_level_index_and_filter: 1
  index_type: 0
  data_block_index_type: 0
  index_shortening: 1
  data_block_hash_table_util_ratio: 0.750000
  hash_index_allow_collision: 1
  checksum: 1
  no_block_cache: 0
  block_cache: 0x7f9b5275a478
  block_cache_name: LRUCache
  block_cache_options:
    capacity : 8388608
    num_shard_bits : 4
    strict_capacity_limit : 0
    memory_allocator : None
    high_pri_pool_ratio: 0.000
  block_cache_compressed: 0x0
  persistent_cache: 0x0
  block_size: 4096
  block_size_deviation: 10
  block_restart_interval: 16
  index_block_restart_interval: 1
  metadata_block_size: 4096
  partition_filters: 0
  use_delta_encoding: 1
  filter_policy: nullptr
  whole_key_filtering: 1
  verify_compression: 0
  read_amp_bytes_per_bit: 0
  format_version: 4
  enable_index_compression: 1
  block_align: 0
2024/03/28-21:09:40.063509 205dba240        Options.write_buffer_size: 67108864
2024/03/28-21:09:40.063510 205dba240  Options.max_write_buffer_number: 2
2024/03/28-21:09:40.063510 205dba240          Options.compression: NoCompression
2024/03/28-21:09:40.063511 205dba240                  Options.bottommost_compression: Disabled
2024/03/28-21:09:40.063512 205dba240       Options.prefix_extractor: nullptr
2024/03/28-21:09:40.063513 205dba240   Options.memtable_insert_with_hint_prefix_extractor: nullptr
2024/03/28-21:09:40.063514 205dba240             Options.num_levels: 7
2024/03/28-21:09:40.063514 205dba240        Options.min_write_buffer_number_to_merge: 1
2024/03/28-21:09:40.063515 205dba240     Options.max_write_buffer_number_to_maintain: 0
2024/03/28-21:09:40.063516 205dba240     Options.max_write_buffer_size_to_maintain: 0
2024/03/28-21:09:40.063517 205dba240            Options.bottommost_compression_opts.window_bits: -14
2024/03/28-21:09:40.063517 205dba240                  Options.bottommost_compression_opts.level: 32767
2024/03/28-21:09:40.063518 205dba240               Options.bottommost_compression_opts.strategy: 0
2024/03/28-21:09:40.063519 205dba240         Options.bottommost_compression_opts.max_dict_bytes: 0
2024/03/28-21:09:40.063520 205dba240         Options.bottommost_compression_opts.zstd_max_train_bytes: 0
2024/03/28-21:09:40.063520 205dba240         Options.bottommost_compression_opts.parallel_threads: 1
2024/03/28-21:09:40.063527 205dba240                  Options.bottommost_compression_opts.enabled: false
2024/03/28-21:09:40.063528 205dba240            Options.compression_opts.window_bits: -14
2024/03/28-21:09:40.063529 205dba240                  Options.compression_opts.level: 32767
2024/03/28-21:09:40.063530 205dba240               Options.compression_opts.strategy: 0
2024/03/28-21:09:40.063530 205dba240         Options.compression_opts.max_dict_bytes: 0
2024/03/28-21:09:40.063531 205dba240         Options.compression_opts.zstd_max_train_bytes: 0
2024/03/28-21:09:40.063532 205dba240         Options.compression_opts.parallel_threads: 1
2024/03/28-21:09:40.063532 205dba240                  Options.compression_opts.enabled: false
2024/03/28-21:09:40.063533 205dba240      Options.level0_file_num_compaction_trigger: 4
2024/03/28-21:09:40.063534 205dba240          Options.level0_slowdown_writes_trigger: 20
2024/03/28-21:09:40.063535 205dba240              Options.level0_stop_writes_trigger: 36
2024/03/28-21:09:40.063535 205dba240                   Options.target_file_size_base: 67108864
2024/03/28-21:09:40.063536 205dba240             Options.target_file_size_multiplier: 1
2024/03/28-21:09:40.063537 205dba240                Options.max_bytes_for_level_base: 268435456
2024/03/28-21:09:40.063538 205dba240 Options.level_compaction_dynamic_level_bytes: 0
2024/03/28-21:09:40.063538 205dba240          Options.max_bytes_for_level_multiplier: 10.000000
2024/03/28-21:09:40.063539 205dba240 Options.max_bytes_for_level_multiplier_addtl[0]: 1
2024/03/28-21:09:40.063540 205dba240 Options.max_bytes_for_level_multiplier_addtl[1]: 1
2024/03/28-21:09:40.063541 205dba240 Options.max_bytes_for_level_multiplier_addtl[2]: 1
2024/03/28-21:09:40.063542 205dba240 Options.max_bytes_for_level_multiplier_addtl[3]: 1
2024/03/28-21:09:40.063543 205dba240 Options.max_bytes_for_level_multiplier_addtl[4]: 1
2024/03/28-21:09:40.063543 205dba240 Options.max_bytes_for_level_multiplier_addtl[5]: 1
2024/03/28-21:09:40.063544 205dba240 Options.max_bytes_for_level_multiplier_addtl[6]: 1
2024/03/28-21:09:40.063545 205dba240       Options.max_sequential_skip_in_iterations: 8
2024/03/28-21:09:40.063546 205dba240                    Options.max_compaction_bytes: 1677721600
2024/03/28-21:09:40.063546 205dba240                        Options.arena_block_size: 8388608
2024/03/28-21:09:40.063547 205dba240   Options.soft_pending_compaction_bytes_limit: 68719476736
2024/03/28-21:09:40.063548 205dba240   Options.hard_pending_compaction_bytes_limit: 274877906944
2024/03/28-21:09:40.063549 205dba240       Options.rate_limit_delay_max_milliseconds: 100
2024/03/28-21:09:40.063549 205dba240                Options.disable_auto_compactions: 1
2024/03/28-21:09:40.063550 205dba240                        Options.compaction_style: kCompactionStyleLevel
2024/03/28-21:09:40.063551 205dba240                          Options.compaction_pri: kMinOverlappingRatio
2024/03/28-21:09:40.063552 205dba240 Options.compaction_options_universal.size_ratio: 1
2024/03/28-21:09:40.063552 205dba240 Options.compaction_options_universal.min_merge_width: 2
2024/03/28-21:09:40.063553 205dba240 Options.compaction_options_universal.max_merge_width: 4294967295
2024/03/28-21:09:40.063554 205dba240 Options.compaction_options_universal.max_size_amplification_percent: 200
2024/03/28-21:09:40.063555 205dba240 Options.compaction_options_universal.compression_size_percent: -1
2024/03/28-21:09:40.063556 205dba240 Options.compaction_options_universal.stop_style: kCompactionStopStyleTotalSize
2024/03/28-21:09:40.063556 205dba240 Options.compaction_options_fifo.max_table_files_size: 1073741824
2024/03/28-21:09:40.063557 205dba240 Options.compaction_options_fifo.allow_compaction: 0
2024/03/28-21:09:40.063558 205dba240                   Options.table_properties_collectors: 
2024/03/28-21:09:40.063559 205dba240                   Options.inplace_update_support: 0
2024/03/28-21:09:40.063560 205dba240                 Options.inplace_update_num_locks: 10000
2024/03/28-21:09:40.063565 205dba240               Options.memtable_prefix_bloom_size_ratio: 0.000000
2024/03/28-21:09:40.063566 205dba240               Options.memtable_whole_key_filtering: 0
2024/03/28-21:09:40.063567 205dba240   Options.memtable_huge_page_size: 0
2024/03/28-21:09:40.063568 205dba240                           Options.bloom_locality: 0
2024/03/28-21:09:40.063569 205dba240                    Options.max_successive_merges: 0
2024/03/28-21:09:40.063569 205dba240                Options.optimize_filters_for_hits: 0
2024/03/28-21:09:40.063570 205dba240                Options.paranoid_file_checks: 0
2024/03/28-21:09:40.063571 205dba240                Options.force_consistency_checks: 0
2024/03/28-21:09:40.063572 205dba240                Options.report_bg_io_stats: 0
2024/03/28-21:09:40.063572 205dba240                               Options.ttl: 2592000
2024/03/28-21:09:40.063573 205dba240          Options.periodic_compaction_seconds: 2592000
2024/03/28-21:09:40.063590 205dba240 [db/column_family.cc:580] --------------- Options for column family [CES]:
2024/03/28-21:09:40.063592 205dba240               Options.comparator: leveldb.BytewiseComparator
2024/03/28-21:09:40.063592 205dba240           Options.merge_operator: None
2024/03/28-21:09:40.063593 205dba240        Options.compaction_filter: filter_outdated
2024/03/28-21:09:40.063594 205dba240        Options.compaction_filter_factory: None
2024/03/28-21:09:40.063595 205dba240  Options.sst_partitioner_factory: None
2024/03/28-21:09:40.063595 205dba240         Options.memtable_factory: SkipListFactory
2024/03/28-21:09:40.063596 205dba240            Options.table_factory: BlockBasedTable
2024/03/28-21:09:40.063605 205dba240            table_factory options:   flush_block_policy_factory: FlushBlockBySizePolicyFactory (0x7f9b527567c0)
  cache_index_and_filter_blocks: 0
  cache_index_and_filter_blocks_with_high_priority: 1
  pin_l0_filter_and_index_blocks_in_cache: 0
  pin_top_level_index_and_filter: 1
  index_type: 0
  data_block_index_type: 0
  index_shortening: 1
  data_block_hash_table_util_ratio: 0.750000
  hash_index_allow_collision: 1
  checksum: 1
  no_block_cache: 0
  block_cache: 0x7f9b5275af18
  block_cache_name: LRUCache
  block_cache_options:
    capacity : 8388608
    num_shard_bits : 4
    strict_capacity_limit : 0
    memory_allocator : None
    high_pri_pool_ratio: 0.000
  block_cache_compressed: 0x0
  persistent_cache: 0x0
  block_size: 4096
  block_size_deviation: 10
  block_restart_interval: 16
  index_block_restart_interval: 1
  metadata_block_size: 4096
  partition_filters: 0
  use_delta_encoding: 1
  filter_policy: nullptr
  whole_key_filtering: 1
  verify_compression: 0
  read_amp_bytes_per_bit: 0
  format_version: 4
  enable_index_compression: 1
  block_align: 0
2024/03/28-21:09:40.063606 205dba240        Options.write_buffer_size: 67108864
2024/03/28-21:09:40.063607 205dba240  Options.max_write_buffer_number: 2
2024/03/28-21:09:40.063608 205dba240          Options.compression: NoCompression
2024/03/28-21:09:40.063609 205dba240                  Options.bottommost_compression: Disabled
2024/03/28-21:09:40.063609 205dba240       Options.prefix_extractor: nullptr
2024/03/28-21:09:40.063610 205dba240   Options.memtable_insert_with_hint_prefix_extractor: nullptr
2024/03/28-21:09:40.063611 205dba240             Options.num_levels: 7
2024/03/28-21:09:40.063612 205dba240        Options.min_write_buffer_number_to_merge: 1
2024/03/28-21:09:40.063612 205dba240     Options.max_write_buffer_number_to_maintain: 0
2024/03/28-21:09:40.063613 205dba240     Options.max_write_buffer_size_to_maintain: 0
2024/03/28-21:09:40.063614 205dba240            Options.bottommost_compression_opts.window_bits: -14
2024/03/28-21:09:40.063615 205dba240                  Options.bottommost_compression_opts.level: 32767
2024/03/28-21:09:40.063615 205dba240               Options.bottommost_compression_opts.strategy: 0
2024/03/28-21:09:40.063616 205dba240         Options.bottommost_compression_opts.max_dict_bytes: 0
2024/03/28-21:09:40.063617 205dba240         Options.bottommost_compression_opts.zstd_max_train_bytes: 0
2024/03/28-21:09:40.063623 205dba240         Options.bottommost_compression_opts.parallel_threads: 1
2024/03/28-21:09:40.063624 205dba240                  Options.bottommost_compression_opts.enabled: false
2024/03/28-21:09:40.063625 205dba240            Options.compression_opts.window_bits: -14
2024/03/28-21:09:40.063626 205dba240                  Options.compression_opts.level: 32767
2024/03/28-21:09:40.063627 205dba240               Options.compression_opts.strategy: 0
2024/03/28-21:09:40.063627 205dba240         Options.compression_opts.max_dict_bytes: 0
2024/03/28-21:09:40.063628 205dba240         Options.compression_opts.zstd_max_train_bytes: 0
2024/03/28-21:09:40.063629 205dba240         Options.compression_opts.parallel_threads: 1
2024/03/28-21:09:40.063629 205dba240                  Options.compression_opts.enabled: false
2024/03/28-21:09:40.063630 205dba240      Options.level0_file_num_compaction_trigger: 4
2024/03/28-21:09:40.063631 205dba240          Options.level0_slowdown_writes_trigger: 20
2024/03/28-21:09:40.063632 205dba240              Options.level0_stop_writes_trigger: 36
2024/03/28-21:09:40.063632 205dba240                   Options.target_file_size_base: 67108864
2024/03/28-21:09:40.063633 205dba240             Options.target_file_size_multiplier: 1
2024/03/28-21:09:40.063634 205dba240                Options.max_bytes_for_level_base: 268435456
2024/03/28-21:09:40.063635 205dba240 Options.level_compaction_dynamic_level_bytes: 0
2024/03/28-21:09:40.063635 205dba240          Options.max_bytes_for_level_multiplier: 10.000000
2024/03/28-21:09:40.063636 205dba240 Options.max_bytes_for_level_multiplier_addtl[0]: 1
2024/03/28-21:09:40.063637 205dba240 Options.max_bytes_for_level_multiplier_addtl[1]: 1
2024/03/28-21:09:40.063638 205dba240 Options.max_bytes_for_level_multiplier_addtl[2]: 1
2024/03/28-21:09:40.063639 205dba240 Options.max_bytes_for_level_multiplier_addtl[3]: 1
2024/03/28-21:09:40.063639 205dba240 Options.max_bytes_for_level_multiplier_addtl[4]: 1
2024/03/28-21:09:40.063640 205dba240 Options.max_bytes_for_level_multiplier_addtl[5]: 1
2024/03/28-21:09:40.063641 205dba240 Options.max_bytes_for_level_multiplier_addtl[6]: 1
2024/03/28-21:09:40.063642 205dba240       Options.max_sequential_skip_in_iterations: 8
2024/03/28-21:09:40.063642 205dba240                    Options.max_compaction_bytes: 1677721600
2024/03/28-21:09:40.063643 205dba240                        Options.arena_block_size: 8388608
2024/03/28-21:09:40.063644 205dba240   Options.soft_pending_compaction_bytes_limit: 68719476736
2024/03/28-21:09:40.063645 205dba240   Options.hard_pending_compaction_bytes_limit: 274877906944
2024/03/28-21:09:40.063645 205dba240       Options.rate_limit_delay_max_milliseconds: 100
2024/03/28-21:09:40.063646 205dba240                Options.disable_auto_compactions: 1
2024/03/28-21:09:40.063647 205dba240                        Options.compaction_style: kCompactionStyleLevel
2024/03/28-21:09:40.063648 205dba240                          Options.compaction_pri: kMinOverlappingRatio
2024/03/28-21:09:40.063648 205dba240 Options.compaction_options_universal.size_ratio: 1
2024/03/28-21:09:40.063649 205dba240 Options.compaction_options_universal.min_merge_width: 2
2024/03/28-21:09:40.063650 205dba240 Options.compaction_options_universal.max_merge_width: 4294967295
2024/03/28-21:09:40.063651 205dba240 Options.compaction_options_universal.max_size_amplification_percent: 200
2024/03/28-21:09:40.063651 205dba240 Options.compaction_options_universal.compression_size_percent: -1
2024/03/28-21:09:40.063652 205dba240 Options.compaction_options_universal.stop_style: kCompactionStopStyleTotalSize
2024/03/28-21:09:40.063653 205dba240 Options.compaction_options_fifo.max_table_files_size: 1073741824
2024/03/28-21:09:40.063654 205dba240 Options.compaction_options_fifo.allow_compaction: 0
2024/03/28-21:09:40.063655 205dba240                   Options.table_properties_collectors: 
2024/03/28-21:09:40.063656 205dba240                   Options.inplace_update_support: 0
2024/03/28-21:09:40.063656 205dba240                 Options.inplace_update_num_locks: 10000
2024/03/28-21:09:40.063663 205dba240               Options.memtable_prefix_bloom_size_ratio: 0.000000
2024/03/28-21:09:40.063664 205dba240               Options.memtable_whole_key_filtering: 0
2024/03/28-21:09:40.063665 205dba240   Options.memtable_huge_page_size: 0
2024/03/28-21:09:40.063665 205dba240                           Options.bloom_locality: 0
2024/03/28-21:09:40.063666 205dba240                    Options.max_successive_merges: 0
2024/03/28-21:09:40.063667 205dba240                Options.optimize_filters_for_hits: 0
2024/03/28-21:09:40.063668 205dba240                Options.paranoid_file_checks: 0
2024/03/28-21:09:40.063669 205dba240                Options.force_consistency_checks: 0
2024/03/28-21:09:40.063669 205dba240                Options.report_bg_io_stats: 0
2024/03/28-21:09:40.063670 205dba240                               Options.ttl: 2592000
2024/03/28-21:09:40.063671 205dba240          Options.periodic_compaction_seconds: 2592000
2024/03/28-21:09:40.064918 205dba240 [db/version_set.cc:4718] Recovered from manifest file:/Users/lukebaber/Documents/Personal/Code/Full_Stack_Bootcamp/Web3/ic-projects/dbank/.dfx/state/replicated_state/node-100/ic_consensus_pool/certification/MANIFEST-000004 succeeded,manifest_file_number is 4, next_file_number is 24, last_sequence is 10404, log_number is 20,prev_log_number is 0,max_column_family is 2,min_log_number_to_keep is 0
2024/03/28-21:09:40.064921 205dba240 [db/version_set.cc:4727] Column family [default] (ID 0), log number is 0
2024/03/28-21:09:40.064922 205dba240 [db/version_set.cc:4727] Column family [CE] (ID 1), log number is 17
2024/03/28-21:09:40.064923 205dba240 [db/version_set.cc:4727] Column family [CES] (ID 2), log number is 20
2024/03/28-21:09:40.065036 205dba240 EVENT_LOG_v1 {"time_micros": 1711678180065031, "job": 1, "event": "recovery_started", "log_files": [17, 20]}
2024/03/28-21:09:40.065039 205dba240 [db/db_impl/db_impl_open.cc:823] Recovering log #17 mode 2
2024/03/28-21:09:40.065080 205dba240 [db/db_impl/db_impl_open.cc:823] Recovering log #20 mode 2
2024/03/28-21:09:40.070750 205dba240 EVENT_LOG_v1 {"time_micros": 1711678180070727, "cf_name": "CE", "job": 1, "event": "table_file_creation", "file_number": 24, "file_size": 840979, "table_properties": {"data_size": 836207, "index_size": 3949, "index_partitions": 0, "top_level_index_size": 0, "index_key_is_user_key": 1, "index_value_is_delta_encoded": 1, "filter_size": 0, "raw_key_size": 197184, "raw_average_key_size": 48, "raw_value_size": 644956, "raw_average_value_size": 157, "num_data_blocks": 206, "num_entries": 4108, "num_deletions": 0, "num_merge_operands": 0, "num_range_deletions": 0, "format_version": 0, "fixed_key_len": 0, "filter_policy": "", "column_family_name": "CE", "column_family_id": 1, "comparator": "leveldb.BytewiseComparator", "merge_operator": "nullptr", "prefix_extractor_name": "nullptr", "property_collectors": "[]", "compression": "NoCompression", "compression_options": "window_bits=-14; level=32767; strategy=0; max_dict_bytes=0; zstd_max_train_bytes=0; enabled=0; ", "creation_time": 1711678180, "oldest_key_time": 0, "file_creation_time": 0, "db_id": "17c1137e4b70f878-9e375ffddc75f324", "db_session_id": "I6OVPOUAC5W61BWTO655"}}
2024/03/28-21:09:40.072874 205dba240 EVENT_LOG_v1 {"time_micros": 1711678180072852, "cf_name": "CES", "job": 1, "event": "table_file_creation", "file_number": 25, "file_size": 774563, "table_properties": {"data_size": 769981, "index_size": 3758, "index_partitions": 0, "top_level_index_size": 0, "index_key_is_user_key": 1, "index_value_is_delta_encoded": 1, "filter_size": 0, "raw_key_size": 197136, "raw_average_key_size": 48, "raw_value_size": 579087, "raw_average_value_size": 141, "num_data_blocks": 196, "num_entries": 4107, "num_deletions": 0, "num_merge_operands": 0, "num_range_deletions": 0, "format_version": 0, "fixed_key_len": 0, "filter_policy": "", "column_family_name": "CES", "column_family_id": 2, "comparator": "leveldb.BytewiseComparator", "merge_operator": "nullptr", "prefix_extractor_name": "nullptr", "property_collectors": "[]", "compression": "NoCompression", "compression_options": "window_bits=-14; level=32767; strategy=0; max_dict_bytes=0; zstd_max_train_bytes=0; enabled=0; ", "creation_time": 1711678180, "oldest_key_time": 0, "file_creation_time": 0, "db_id": "17c1137e4b70f878-9e375ffddc75f324", "db_session_id": "I6OVPOUAC5W61BWTO655"}}
2024/03/28-21:09:40.072903 205dba240 [db/version_set.cc:3950] Creating manifest 26
2024/03/28-21:09:40.073501 205dba240 EVENT_LOG_v1 {"time_micros": 1711678180073498, "job": 1, "event": "recovery_finished"}
2024/03/28-21:09:40.075138 205dba240 [file/delete_scheduler.cc:73] Deleted file /Users/lukebaber/Documents/Personal/Code/Full_Stack_Bootcamp/Web3/ic-projects/dbank/.dfx/state/replicated_state/node-100/ic_consensus_pool/certification/000020.log immediately, rate_bytes_per_sec 0, total_trash_size 0 max_trash_db_ratio 0.250000
2024/03/28-21:09:40.075894 205dba240 [file/delete_scheduler.cc:73] Deleted file /Users/lukebaber/Documents/Personal/Code/Full_Stack_Bootcamp/Web3/ic-projects/dbank/.dfx/state/replicated_state/node-100/ic_consensus_pool/certification/000017.log immediately, rate_bytes_per_sec 0, total_trash_size 0 max_trash_db_ratio 0.250000
2024/03/28-21:09:40.077651 205dba240 [db/db_impl/db_impl_open.cc:1639] SstFileManager instance 0x7f9b5275cc00
2024/03/28-21:09:40.077703 205dba240 DB pointer 0x7f9b5296de00
2024/03/28-21:09:40.485976 327663000 [db/db_impl/db_impl_compaction_flush.cc:1524] [CE] Manual compaction starting
2024/03/28-21:09:40.486177 310417000 (Original Log Time 2024/03/28-21:09:40.486140) [db/db_impl/db_impl_compaction_flush.cc:2601] [CE] Manual compaction from level-0 to level-1 from '00000000000000000000000000000000000000000000000000000000000000000000000000000000' seq:72057594037927935, type:20 .. '00000000000024540000000000000000000000000000000000000000000000000000000000000000' seq:0, type:0; will stop at (end)
2024/03/28-21:09:40.486190 310417000 [db/compaction/compaction_job.cc:1762] [CE] [JOB 3] Compacting 1@0 files to L1, score -1.00
2024/03/28-21:09:40.486196 310417000 [db/compaction/compaction_job.cc:1766] [CE] Compaction start summary: Base version 7 Base level 0, inputs: [24(821KB)]
2024/03/28-21:09:40.486217 310417000 EVENT_LOG_v1 {"time_micros": 1711678180486202, "job": 3, "event": "compaction_started", "compaction_reason": "ManualCompaction", "files_L0": [24], "score": -1, "input_data_size": 840979}
2024/03/28-21:09:40.487839 310417000 [db/compaction/compaction_job.cc:1428] [CE] [JOB 3] Generated table #30: 10 keys, 2937 bytes
